TIME	VALUE
4.173987	4.243164
4.188273	1.694336
4.202558	2.187500
4.216844	3.852539
4.231130	0.356445
4.245415	4.990234
4.259701	0.136719
4.273987	4.243164
4.288273	1.694336
4.302558	2.187500
4.316844	3.852539
4.331130	0.361328
4.345415	4.985352
4.359701	0.136719
4.373987	4.248047
4.388272	1.689453
4.402558	2.187500
4.416844	3.847656
4.431130	0.361328
4.445415	4.985352
4.459701	0.136719
4.473987	4.248047
4.488272	1.689453
4.502558	2.192383
4.516844	3.847656
4.531129	0.361328
4.545415	4.985352
4.559701	0.136719
4.573987	4.248047
4.588272	1.684570
4.602558	2.192383
4.616844	3.847656
4.631129	0.361328
4.645415	4.985352
4.659701	0.136719
4.673986	4.252930
4.688272	1.684570
4.702558	2.192383
4.716844	3.842773
4.731129	0.361328
4.745415	4.985352
4.759701	0.136719
4.773986	4.252930
4.788272	1.684570
4.802558	2.192383
4.816843	3.842773
4.831129	0.366211
4.845415	4.985352
4.859701	0.136719
4.873986	4.252930
4.888272	1.684570
4.902558	2.197266
4.916843	3.842773
4.931129	0.366211
4.945415	4.985352
4.959700	0.136719
4.973986	4.252930
4.988272	1.679687
5.002558	2.197266
5.016843	3.837891
5.031129	0.366211
5.045415	4.985352
5.059700	0.136719
5.073986	4.257812
5.088272	1.679687
5.102557	2.202148
5.116843	3.837891
5.131129	0.366211
5.145415	4.985352
5.159700	0.131836
5.173986	4.257812
5.188272	1.674805
5.202557	2.202148
5.216843	3.837891
5.231129	0.366211
5.245414	4.985352
5.259700	0.131836
5.273986	4.257812
5.288272	1.674805
5.302557	2.202148
5.316843	3.833008
5.331129	0.366211
5.345414	4.985352
5.359700	0.131836
5.373986	4.257812
5.388271	1.674805
5.402557	2.207031
5.416843	3.833008
5.431129	0.371094
5.445414	4.985352
5.459700	0.131836
5.473986	4.262695
5.488271	1.669922
5.502557	2.207031
5.516843	3.833008
5.531128	0.371094
5.545414	4.985352
5.559700	0.131836
5.573986	4.262695
5.588271	1.669922
