TIME	VALUE
6.187818	0.625000
6.198127	0.336914
6.208436	0.131836
6.218745	0.019531
6.229055	-0.004883
6.239364	0.063477
6.249673	0.224609
6.259982	0.473633
6.270292	0.795898
6.280601	1.186523
6.290910	1.621094
6.301219	2.094727
6.311529	2.578125
6.321838	3.061523
6.332147	3.520508
6.342456	3.940430
6.352766	4.311523
6.363075	4.609375
6.373384	4.829102
6.383693	4.960937
6.394003	5.000000
6.404312	4.946289
6.414621	4.794922
6.424930	4.560547
6.435240	4.248047
6.445549	3.867187
6.455858	3.442383
6.466167	2.973633
6.476477	2.490234
6.486786	2.006836
6.497095	1.542969
6.507404	1.108398
6.517714	0.732422
6.528023	0.419922
6.538332	0.190430
6.548641	0.043945
6.558951	-0.009766
6.569260	0.029297
6.579569	0.166016
6.589878	0.385742
6.600188	0.683594
6.610497	1.054687
6.620806	1.474609
6.631115	1.938477
6.641425	2.421875
6.651734	2.905273
6.662043	3.374023
6.672352	3.808594
6.682662	4.199219
6.692971	4.521484
6.703280	4.765625
6.713589	4.926758
6.723899	4.995117
6.734208	4.970703
6.744517	4.853516
6.754826	4.648437
6.765136	4.355469
6.775445	3.999023
6.785754	3.583984
6.796063	3.125000
6.806373	2.646484
6.816682	2.163086
6.826991	1.684570
6.837300	1.245117
6.847610	0.849609
6.857919	0.517578
6.868228	0.253906
6.878537	0.078125
6.888847	0.000000
6.899156	0.009766
6.909465	0.112305
6.919774	0.302734
6.930084	0.581055
6.940393	0.927734
6.950702	1.333008
6.961011	1.787109
6.971321	2.265625
6.981630	2.749023
6.991939	3.227539
7.002248	3.676758
7.012558	4.082031
7.022867	4.423828
7.033176	4.697266
7.043485	4.882812
7.053795	4.985352
7.064104	4.990234
7.074413	4.902344
7.084722	4.721680
7.095032	4.458008
7.105341	4.121094
7.115650	3.720703
7.125959	3.276367
7.136269	2.802734
7.146578	2.314453
7.156887	1.840820
7.167196	1.381836
7.177506	0.971680
7.187815	0.615234
7.198124	0.332031
7.208433	0.126953
