TIME	VALUE
0.356511	4.248047
0.357511	2.861328
0.358511	1.333008
0.359511	0.253906
0.360511	0.024414
0.361511	0.742187
0.362511	2.124023
0.363511	3.652344
0.364511	4.736328
0.365511	4.965820
0.366511	4.248047
0.367511	2.861328
0.368511	1.333008
0.369511	0.253906
0.370511	0.024414
0.371511	0.742187
0.372511	2.128906
0.373511	3.652344
0.374511	4.736328
0.375511	4.965820
0.376511	4.248047
0.377511	2.861328
0.378511	1.333008
0.379511	0.253906
0.380511	0.024414
0.381511	0.742187
0.382511	2.124023
0.383511	3.652344
0.384511	4.736328
0.385511	4.965820
0.386511	4.248047
0.387511	2.861328
0.388511	1.333008
0.389511	0.249023
0.390511	0.024414
0.391511	0.742187
0.392511	2.128906
0.393511	3.652344
0.394511	4.736328
0.395511	4.965820
0.396511	4.248047
0.397511	2.861328
0.398511	1.333008
0.399511	0.253906
0.400511	0.024414
0.401511	0.742187
0.402511	2.128906
0.403511	3.652344
0.404511	4.736328
0.405511	4.965820
0.406511	4.248047
0.407511	2.861328
0.408511	1.333008
0.409511	0.249023
0.410511	0.024414
0.411511	0.742187
0.412511	2.128906
0.413511	3.652344
0.414511	4.736328
0.415511	4.965820
0.416511	4.248047
0.417511	2.861328
0.418511	1.333008
0.419511	0.249023
0.420511	0.024414
0.421511	0.742187
0.422511	2.128906
0.423511	3.652344
0.424511	4.736328
0.425511	4.965820
0.426511	4.248047
0.427511	2.861328
0.428511	1.333008
0.429511	0.253906
0.430511	0.029297
