TIME	VALUE
5.930405	3.066406
5.940405	3.066406
5.950405	3.066406
5.960405	3.066406
5.970405	3.066406
5.980405	3.066406
5.990405	3.071289
6.000405	3.066406
6.010405	3.066406
6.020405	3.071289
6.030405	3.071289
6.040405	3.071289
6.050405	3.066406
6.060405	3.071289
6.070405	3.071289
6.080405	3.071289
6.090405	3.071289
6.100405	3.071289
6.110405	3.071289
6.120405	3.071289
6.130405	3.071289
6.140405	3.071289
6.150405	3.071289
6.160405	3.071289
6.170405	3.071289
6.180405	3.071289
6.190405	3.071289
6.200405	3.071289
6.210405	3.071289
6.220405	3.076172
6.230405	3.071289
6.240405	3.071289
6.250405	3.076172
6.260405	3.071289
6.270405	3.076172
6.280405	3.076172
6.290405	3.076172
6.300405	3.076172
6.310405	3.076172
6.320405	3.076172
6.330405	3.076172
6.340405	3.076172
6.350405	3.076172
6.360405	3.076172
6.370405	3.076172
6.380405	3.076172
6.390405	3.076172
6.400405	3.076172
6.410405	3.076172
6.420405	3.076172
6.430405	3.076172
6.440405	3.076172
6.450405	3.076172
6.460405	3.076172
6.470405	3.076172
6.480405	3.076172
6.490405	3.076172
6.500405	3.081055
6.510405	3.076172
6.520405	3.081055
6.530405	3.081055
6.540405	3.076172
6.550405	3.081055
6.560405	3.081055
6.570405	3.081055
6.580405	3.081055
6.590405	3.081055
6.600405	3.081055
6.610405	3.081055
6.620405	3.081055
6.630405	3.081055
6.640405	3.081055
6.650405	3.081055
6.660405	3.081055
6.670405	3.081055
6.680405	3.081055
6.690405	3.081055
6.700405	3.081055
6.710405	3.081055
6.720405	3.081055
6.730405	3.081055
6.740405	3.081055
6.750405	3.085937
6.760405	3.081055
6.770405	3.081055
6.780405	3.081055
6.790405	3.085937
6.800405	3.085937
6.810405	3.085937
6.820405	3.085937
6.830405	3.085937
6.840405	3.085937
6.850405	3.085937
6.860405	3.085937
6.870405	3.085937
6.880405	3.085937
6.890405	3.085937
6.900405	3.085937
6.910405	3.085937
6.920405	3.085937
