1.784990	1.621094
1.794990	1.616211
1.804990	1.616211
1.814990	1.616211
1.824990	1.616211
1.834990	1.616211
1.844990	1.616211
1.854990	1.616211
1.864990	1.616211
1.874990	1.616211
1.884990	1.616211
1.894990	1.616211
1.904990	1.616211
1.914990	1.616211
1.924990	1.616211
1.934990	1.616211
1.944990	1.616211
1.954990	1.616211
1.964990	1.616211
1.974990	1.616211
1.984990	1.616211
1.994990	1.616211
2.004990	1.616211
2.014990	1.616211
2.024990	1.616211
2.034990	1.616211
2.044990	1.616211
2.054990	1.616211
2.064990	1.611328
2.074990	1.616211
2.084990	1.611328
2.094990	1.611328
2.104990	1.611328
2.114990	1.611328
2.124990	1.611328
2.134990	1.611328
2.144990	1.611328
2.154990	1.611328
2.164990	1.611328
2.174990	1.611328
2.184990	1.611328
2.194990	1.611328
2.204990	1.611328
2.214990	1.611328
2.224990	1.611328
2.234990	1.611328
2.244990	1.611328
2.254990	1.611328
2.264990	1.611328
2.274990	1.611328
2.284990	1.611328
2.294990	1.611328
2.304990	1.611328
2.314990	1.606445
2.324990	1.611328
2.334990	1.611328
2.344990	1.611328
2.354990	1.606445
2.364990	1.611328
2.374990	1.606445
2.384990	1.606445
2.394990	1.606445
2.404990	1.606445
2.414990	1.606445
2.424990	1.606445
2.434990	1.606445
2.444990	1.606445
2.454990	1.606445
2.464990	1.606445
2.474990	1.606445
2.484990	1.606445
2.494990	1.606445
2.504990	1.606445
2.514990	1.606445
2.524990	1.606445
2.534990	1.606445
2.544990	1.606445
2.554990	1.601562
2.564990	1.601562
2.574990	1.606445
2.584990	1.606445
2.594990	1.601562
2.604990	1.606445
2.614990	1.606445
2.624990	1.606445
2.634990	1.601562
2.644990	1.601562
2.654990	1.606445
2.664990	1.606445
2.674990	1.601562
2.684990	1.601562
2.694990	1.601562
2.704990	1.601562
2.714990	1.601562
2.724990	1.601562
2.734990	1.601562
2.744990	1.601562
2.754990	1.601562
2.764990	1.601562
2.774990	1.601562
